 Annual; abbreviated (Metric Units)                                     


          USDA WATER EROSION PREDICTION PROJECT
          -------------------------------------

          HILLSLOPE PROFILE AND WATERSHED MODEL
                     VERSION  2010.100
           January 28,      2010


               TO REPORT PROBLEMS OR TO BE PUT ON THE MAILING
               LIST FOR FUTURE WEPP MODEL RELEASES, PLEASE CONTACT:

                    WEPP TECHNICAL SUPPORT
                    USDA-AGRICULTURAL RESEARCH SERVICE
                    NATIONAL SOIL EROSION RESEARCH LABORATORY
                    275 SOUTH RUSSELL STREET
                    WEST LAFAYETTE, IN 47907-2077  USA

                    PHONE: (765) 494-8673
                      FAX: (765) 494-5948
                    email:  wepp@ecn.purdue.edu
                      URL:  http://topsoil.nserl.purdue.edu


     HILLSLOPE INPUT DATA FILES - VERSION  2010.100
      January 28,      2010


    MANAGEMENT: 3outunrn.man                                      
 MAN. PRACTICE: Road Section to collect water and then release over fill-   
                slope to a forest for deposition                            
                W. Elliot & H. Rhee 1/99  USDA Forest Service               
         SLOPE: wr_023158dcbc31.slp                               
       CLIMATE: wr_30fc1b862ec4.cli                               
       Station:  CHARLESTON KAN AP WV                           CLIGEN VERSION  4.30
          SOIL: wr_023158dcbc31.sol                               
      PLANE  1 Road                loam                
      PLANE  2 Fill                loam                
      PLANE  3 Forest              loam                


     ANNUAL AVERAGE SUMMARIES
     ------------------------


I.   RAINFALL AND RUNOFF SUMMARY
     -------- --- ------ -------

      total summary:  years    1 -   50

      7454 storms produced                        55071.70 mm of precipitation
      2571 rain storm runoff events produced        279.58 mm of runoff
       786 snow melts and/or
             events during winter produced           31.43 mm of runoff

      annual averages
      ---------------

        Number of years                                   50
        Mean annual precipitation                    1101.43    mm
        Mean annual runoff from rainfall                5.59    mm
        Mean annual runoff from snow melt
          and/or rain storm during winter               0.63    mm



II.  ON SITE EFFECTS  ON SITE EFFECTS  ON SITE EFFECTS
     ---------------  ---------------  ---------------


  A.  AREA OF NET SOIL LOSS

      ** Soil Loss (Avg. of Net Detachment Areas) =    0.090 kg/m2 **
      ** Maximum Soil Loss  =    0.474 kg/m2 at    5.60 meters **


      Area of    Soil Loss   Soil Loss   MAX   MAX Loss   MIN   MIN Loss
      Net Loss      MEAN      STDEV      Loss    Point    Loss   Point
        (m)       (kg/m2)     (kg/m2)  (kg/m2)    (m)    (kg/m2)  (m)
------------------------------------------------------------------------
   0.00-   5.60    0.420     0.024      0.474    5.60     0.398     0.39
   7.93-   8.02    0.006     0.001      0.007    8.02     0.005     7.98
   8.07-   8.11    0.025     0.000      0.025    8.11     0.025     8.11
   8.16-   8.25    0.035     0.011      0.042    8.20     0.027     8.25
   8.30-   8.34    0.026     0.000      0.026    8.34     0.026     8.34
   8.39-   8.43    0.039     0.000      0.039    8.43     0.039     8.43
   8.48-   8.75    0.035     0.019      0.057    8.62     0.003     8.75
   8.80-   9.16    0.033     0.019      0.056    8.89     0.006     8.84
   9.21-   9.85    0.041     0.012      0.052    9.44     0.017     9.26
   9.90-  10.03    0.022     0.003      0.024    9.99     0.018    10.03
  26.41-  26.81    0.003     0.000      0.003   26.81     0.003    26.81
  27.60-  28.79    0.003     0.000      0.003   28.79     0.003    28.00
  29.19-  48.21    0.005     0.001      0.006   47.41     0.000    29.58

      Single Point     Single Point
       Soil Area          Loss
         (m)             (kg/m2/)
      ------------------------------
         8.11             0.025
         8.34             0.026
         8.43             0.039
        26.81             0.003

  B.  AREA OF SOIL DEPOSITION

      ** Soil Deposition (Avg. of Net Deposition Areas) =    -0.094 kg/m2 **
      ** Maximum Soil Deposition  =    -0.605 kg/m2 at    6.33 meters **

      Area of    Soil Dep   Soil Dep     MAX    MAX Dep   MIN   MIN Dep
      Net Dep       MEAN     STDEV       Dep     Point    Dep    Point
        (m)       (kg/m2)    (kg/m2)   (kg/m2)    (m)    (kg/m2)  (m)
------------------------------------------------------------------------
   5.60-   7.93   -0.257     0.163     -0.605    6.33    -0.007     7.88
   8.02-   8.07   -0.037     0.000     -0.037    8.07    -0.037     8.07
   8.11-   8.16   -0.013     0.000     -0.013    8.16    -0.013     8.16
   8.25-   8.30   -0.022     0.000     -0.022    8.30    -0.022     8.30
   8.34-   8.39   -0.008     0.000     -0.008    8.39    -0.008     8.39
   8.43-   8.48   -0.002     0.000     -0.002    8.48    -0.002     8.48
   8.75-   8.80   -0.004     0.000     -0.004    8.80    -0.004     8.80
   9.16-   9.21   -0.011     0.000     -0.011    9.21    -0.011     9.21
   9.85-   9.90   -0.001     0.000     -0.001    9.90    -0.001     9.90
  10.03-  26.41   -0.086     0.086     -0.506   10.17    -0.007    10.96
  26.81-  27.60   -0.002     0.003     -0.005   27.21    -0.000    27.60
  28.79-  29.19   -0.028     0.000     -0.028   29.19    -0.028    29.19
  48.21-  49.79   -0.015     0.013     -0.028   49.79    -0.000    48.60

      Single Point     Single Point
       Soil Area          Dep
         (m)             (kg/m2/)
      ------------------------------
         8.07            -0.037
         8.16            -0.013
         8.30            -0.022
         8.39            -0.008
         8.48            -0.002
         8.80            -0.004
         9.21            -0.011
         9.90            -0.001
        29.19            -0.028



  C.  SOIL LOSS/DEPOSITION ALONG SLOPE PROFILE

          Profile distances are from top to bottom of hillslope


 distance soil  flow    distance   soil  flow    distance   soil  flow
    (m)   loss  elem       (m)     loss  elem       (m)     loss  elem
         (kg/m2)                  (kg/m2)                  (kg/m2)
------------------------------------------------------------------------

   0.06     0.398  1        5.65    -0.021  2       10.57    -0.021  3
   0.11     0.398  1        5.69    -0.074  2       10.96    -0.007  3
   0.17     0.398  1        5.74    -0.115  2       11.36    -0.012  3
   0.22     0.398  1        5.78    -0.155  2       11.75    -0.024  3
   0.28     0.398  1        5.83    -0.223  2       12.15    -0.047  3
   0.34     0.398  1        5.87    -0.150  2       12.55    -0.068  3
   0.39     0.398  1        5.92    -0.226  2       12.94    -0.131  3
   0.45     0.398  1        5.97    -0.285  2       13.34    -0.129  3
   0.50     0.398  1        6.01    -0.401  2       13.74    -0.169  3
   0.56     0.398  1        6.06    -0.233  2       14.13    -0.153  3
   0.62     0.398  1        6.10    -0.269  2       14.53    -0.244  3
   0.67     0.398  1        6.15    -0.312  2       14.92    -0.152  3
   0.73     0.398  1        6.19    -0.309  2       15.32    -0.134  3
   0.78     0.398  1        6.24    -0.472  2       15.72    -0.148  3
   0.84     0.398  1        6.29    -0.434  2       16.11    -0.182  3
   0.90     0.398  1        6.33    -0.605  2       16.51    -0.159  3
   0.95     0.398  1        6.38    -0.533  2       16.91    -0.127  3
   1.01     0.398  1        6.42    -0.549  2       17.30    -0.117  3
   1.06     0.398  1        6.47    -0.332  2       17.70    -0.120  3
   1.12     0.398  1        6.51    -0.301  2       18.09    -0.084  3
   1.18     0.398  1        6.56    -0.485  2       18.49    -0.152  3
   1.23     0.398  1        6.61    -0.587  2       18.89    -0.117  3
   1.29     0.398  1        6.65    -0.490  2       19.28    -0.121  3
   1.34     0.398  1        6.70    -0.519  2       19.68    -0.060  3
   1.40     0.399  1        6.74    -0.325  2       20.07    -0.101  3
   1.46     0.399  1        6.79    -0.157  2       20.47    -0.056  3
   1.51     0.399  1        6.83    -0.308  2       20.87    -0.071  3
   1.57     0.399  1        6.88    -0.230  2       21.26    -0.039  3
   1.62     0.399  1        6.93    -0.346  2       21.66    -0.061  3
   1.68     0.400  1        6.97    -0.347  2       22.06    -0.049  3
   1.74     0.400  1        7.02    -0.235  2       22.45    -0.092  3
   1.79     0.400  1        7.06    -0.213  2       22.85    -0.033  3
   1.85     0.401  1        7.11    -0.367  2       23.24    -0.040  3
   1.90     0.401  1        7.15    -0.305  2       23.64    -0.017  3
   1.96     0.401  1        7.20    -0.340  2       24.04    -0.092  3
   2.02     0.402  1        7.25    -0.388  2       24.43    -0.042  3
   2.07     0.402  1        7.29    -0.152  2       24.83    -0.026  3
   2.13     0.403  1        7.34    -0.167  2       25.23    -0.051  3
   2.18     0.403  1        7.38    -0.144  2       25.62    -0.008  3
   2.24     0.404  1        7.43    -0.237  2       26.02    -0.029  3
   2.30     0.404  1        7.47    -0.051  2       26.41    -0.015  3
   2.35     0.405  1        7.52    -0.166  2       26.81     0.003  3
   2.41     0.405  1        7.57    -0.087  2       27.21    -0.005  3
   2.46     0.406  1        7.61    -0.037  2       27.60    -0.000  3
   2.52     0.407  1        7.66    -0.024  2       28.00     0.003  3
   2.58     0.407  1        7.70    -0.062  2       28.40     0.003  3
   2.63     0.408  1        7.75    -0.044  2       28.79     0.003  3
   2.69     0.409  1        7.79    -0.143  2       29.19    -0.028  3
   2.74     0.410  1        7.84    -0.043  2       29.58     0.000  3
   2.80     0.411  1        7.88    -0.007  2       29.98     0.004  3
   2.86     0.411  1        7.93    -0.117  2       30.38     0.004  3
   2.91     0.412  1        7.98     0.005  2       30.77     0.004  3
   2.97     0.413  1        8.02     0.007  2       31.17     0.004  3
   3.02     0.414  1        8.07    -0.037  2       31.56     0.004  3
   3.08     0.415  1        8.11     0.025  2       31.96     0.004  3
   3.14     0.416  1        8.16    -0.013  2       32.36     0.004  3
   3.19     0.417  1        8.20     0.042  2       32.75     0.004  3
   3.25     0.418  1        8.25     0.027  2       33.15     0.004  3
   3.30     0.419  1        8.30    -0.022  2       33.55     0.004  3
   3.36     0.420  1        8.34     0.026  2       33.94     0.004  3
   3.42     0.421  1        8.39    -0.008  2       34.34     0.004  3
   3.47     0.422  1        8.43     0.039  2       34.73     0.004  3
   3.53     0.423  1        8.48    -0.002  2       35.13     0.004  3
   3.58     0.424  1        8.52     0.030  2       35.53     0.004  3
   3.64     0.426  1        8.57     0.029  2       35.92     0.005  3
   3.70     0.427  1        8.62     0.057  2       36.32     0.005  3
   3.75     0.428  1        8.66     0.042  2       36.72     0.005  3
   3.81     0.429  1        8.71     0.049  2       37.11     0.005  3
   3.86     0.430  1        8.75     0.003  2       37.51     0.005  3
   3.92     0.432  1        8.80    -0.004  2       37.90     0.005  3
   3.98     0.433  1        8.84     0.006  2       38.30     0.005  3
   4.03     0.434  1        8.89     0.056  2       38.70     0.005  3
   4.09     0.435  1        8.94     0.008  2       39.09     0.005  3
   4.14     0.437  1        8.98     0.039  2       39.49     0.005  3
   4.20     0.438  1        9.03     0.028  2       39.88     0.005  3
   4.26     0.439  1        9.07     0.049  2       40.28     0.005  3
   4.31     0.441  1        9.12     0.026  2       40.68     0.005  3
   4.37     0.442  1        9.16     0.053  2       41.07     0.005  3
   4.42     0.443  1        9.21    -0.011  2       41.47     0.005  3
   4.48     0.445  1        9.26     0.017  2       41.87     0.005  3
   4.54     0.446  1        9.30     0.029  2       42.26     0.005  3
   4.59     0.447  1        9.35     0.040  2       42.66     0.006  3
   4.65     0.449  1        9.39     0.030  2       43.05     0.006  3
   4.70     0.450  1        9.44     0.052  2       43.45     0.006  3
   4.76     0.452  1        9.48     0.052  2       43.85     0.006  3
   4.82     0.453  1        9.53     0.051  2       44.24     0.006  3
   4.87     0.455  1        9.58     0.051  2       44.64     0.006  3
   4.93     0.456  1        9.62     0.050  2       45.04     0.006  3
   4.98     0.457  1        9.67     0.050  2       45.43     0.006  3
   5.04     0.459  1        9.71     0.043  2       45.83     0.006  3
   5.10     0.460  1        9.76     0.049  2       46.22     0.006  3
   5.15     0.462  1        9.80     0.020  2       46.62     0.006  3
   5.21     0.463  1        9.85     0.044  2       47.02     0.006  3
   5.26     0.465  1        9.90    -0.001  2       47.41     0.006  3
   5.32     0.466  1        9.94     0.023  2       47.81     0.006  3
   5.38     0.468  1        9.99     0.024  2       48.21     0.002  3
   5.43     0.469  1       10.03     0.018  2       48.60    -0.000  3
   5.49     0.471  1       10.08    -0.017  2       49.00    -0.009  3
   5.54     0.472  1       10.12    -0.130  2       49.39    -0.025  3
   5.60     0.474  1       10.17    -0.506  2       49.79    -0.028  3

note:  (+) soil loss - detachment     (-) soil loss - deposition



III. OFF SITE EFFECTS  OFF SITE EFFECTS  OFF SITE EFFECTS
     ----------------  ----------------  ----------------

     A.  AVERAGE ANNUAL SEDIMENT LEAVING PROFILE
             0.451   kg/m of width
            19.438     kg (based on profile width of     43.105      m)
             0.091   t/ha (assuming contributions from     0.215     ha)


     B.  SEDIMENT CHARACTERISTICS AND ENRICHMENT

     Sediment particle information leaving profile
-------------------------------------------------------------------------------
                                 Particle Composition         Detached Fraction
Class  Diameter  Specific  ---------------------------------  Sediment  In Flow
         (mm)    Gravity   % Sand   % Silt   % Clay   % O.M.  Fraction  Exiting
-------------------------------------------------------------------------------
  1     0.002      2.60      0.0      0.0    100.0     40.0     0.052    0.054
  2     0.010      2.65      0.0    100.0      0.0      0.0     0.099    0.099
  3     0.030      1.80      0.0     66.7     33.3     13.3     0.301    0.302
  4     0.400      1.60     64.5     24.1     11.4      4.6     0.417    0.414
  5     0.200      2.65    100.0      0.0      0.0      0.0     0.131    0.130
-------------------------------------------------------------------------------


     Average annual SSA enrichment ratio leaving profile =   1.01
