 Annual; abbreviated (Metric Units)                                     


          USDA WATER EROSION PREDICTION PROJECT
          -------------------------------------

          HILLSLOPE PROFILE AND WATERSHED MODEL
                     VERSION  2010.100
           January 28,      2010


               TO REPORT PROBLEMS OR TO BE PUT ON THE MAILING
               LIST FOR FUTURE WEPP MODEL RELEASES, PLEASE CONTACT:

                    WEPP TECHNICAL SUPPORT
                    USDA-AGRICULTURAL RESEARCH SERVICE
                    NATIONAL SOIL EROSION RESEARCH LABORATORY
                    275 SOUTH RUSSELL STREET
                    WEST LAFAYETTE, IN 47907-2077  USA

                    PHONE: (765) 494-8673
                      FAX: (765) 494-5948
                    email:  wepp@ecn.purdue.edu
                      URL:  http://topsoil.nserl.purdue.edu


     HILLSLOPE INPUT DATA FILES - VERSION  2010.100
      January 28,      2010


    MANAGEMENT: 3inslope.man                                      
 MAN. PRACTICE: Road Section to collect water and then release through      
                ditch and culvert to a fill and forest for deposition       
                W. Elliot & H. Rhee 1/99  USDA Forest Service               
         SLOPE: wr_be4288602c96.slp                               
       CLIMATE: wr_588b1a11a6b6.cli                               
       Station:  FLAGSTAFF WB AP AZ                             CLIGEN VERSION  4.30
          SOIL: wr_be4288602c96.sol                               
      PLANE  1 Road                loam                
      PLANE  2 Fill                loam                
      PLANE  3 Forest              loam                


     ANNUAL AVERAGE SUMMARIES
     ------------------------


I.   RAINFALL AND RUNOFF SUMMARY
     -------- --- ------ -------

      total summary:  years    1 -   50

      4131 storms produced                        29167.30 mm of precipitation
      1005 rain storm runoff events produced        594.20 mm of runoff
      1255 snow melts and/or
             events during winter produced          625.04 mm of runoff

      annual averages
      ---------------

        Number of years                                   50
        Mean annual precipitation                     583.35    mm
        Mean annual runoff from rainfall               11.88    mm
        Mean annual runoff from snow melt
          and/or rain storm during winter              12.50    mm



II.  ON SITE EFFECTS  ON SITE EFFECTS  ON SITE EFFECTS
     ---------------  ---------------  ---------------


  A.  AREA OF NET SOIL LOSS

      ** Soil Loss (Avg. of Net Detachment Areas) =    0.259 kg/m2 **
      ** Maximum Soil Loss  =    1.436 kg/m2 at   61.23 meters **


      Area of    Soil Loss   Soil Loss   MAX   MAX Loss   MIN   MIN Loss
      Net Loss      MEAN      STDEV      Loss    Point    Loss   Point
        (m)       (kg/m2)     (kg/m2)  (kg/m2)    (m)    (kg/m2)  (m)
------------------------------------------------------------------------
   0.00-  66.32    0.297     0.587      1.436   61.23     0.000     0.61
  84.15-  84.55    0.003     0.000      0.003   84.55     0.003    84.55
  88.91-  89.30    0.029     0.000      0.029   89.30     0.029    89.30
  89.70-  90.49    0.029     0.000      0.029   90.09     0.028    90.49
  90.89-  91.28    0.028     0.000      0.028   91.28     0.028    91.28
  92.47-  94.06    0.028     0.000      0.028   92.87     0.028    94.06
  94.85-  98.41    0.027     0.000      0.027   95.25     0.027    98.41
  99.21- 102.77    0.020     0.009      0.026   99.60     0.002   102.77

      Single Point     Single Point
       Soil Area          Loss
         (m)             (kg/m2/)
      ------------------------------
        84.55             0.003
        89.30             0.029
        91.28             0.028

  B.  AREA OF SOIL DEPOSITION

      ** Soil Deposition (Avg. of Net Deposition Areas) =    -0.455 kg/m2 **
      ** Maximum Soil Deposition  =    -1.396 kg/m2 at   73.45 meters **

      Area of    Soil Dep   Soil Dep     MAX    MAX Dep   MIN   MIN Dep
      Net Dep       MEAN     STDEV       Dep     Point    Dep    Point
        (m)       (kg/m2)    (kg/m2)   (kg/m2)    (m)    (kg/m2)  (m)
------------------------------------------------------------------------
  66.32-  84.15   -0.648     0.362     -1.396   73.45    -0.037    81.38
  84.55-  88.91   -0.118     0.070     -0.212   86.13    -0.008    88.91
  89.30-  89.70   -0.070     0.000     -0.070   89.70    -0.070    89.70
  90.49-  90.89   -0.072     0.000     -0.072   90.89    -0.072    90.89
  91.28-  92.47   -0.027     0.044     -0.077   92.08    -0.000    92.47
  94.06-  94.85   -0.076     0.066     -0.123   94.85    -0.029    94.45
  98.41-  99.21   -0.039     0.016     -0.050   99.21    -0.028    98.81
 102.77- 105.15   -0.235     0.206     -0.543  105.15    -0.014   103.17

      Single Point     Single Point
       Soil Area          Dep
         (m)             (kg/m2/)
      ------------------------------
        89.70            -0.070
        90.89            -0.072



  C.  SOIL LOSS/DEPOSITION ALONG SLOPE PROFILE

          Profile distances are from top to bottom of hillslope


 distance soil  flow    distance   soil  flow    distance   soil  flow
    (m)   loss  elem       (m)     loss  elem       (m)     loss  elem
         (kg/m2)                  (kg/m2)                  (kg/m2)
------------------------------------------------------------------------

   0.61     0.000  1       61.01     0.012  2       65.93     0.052  3
   1.22     0.000  1       61.05     0.148  2       66.32     0.089  3
   1.83     0.000  1       61.10     0.436  2       66.72    -0.159  3
   2.44     0.000  1       61.14     0.802  2       67.11    -0.132  3
   3.05     0.000  1       61.19     1.215  2       67.51    -0.671  3
   3.66     0.001  1       61.23     1.436  2       67.91    -1.037  3
   4.27     0.002  1       61.28     1.432  2       68.30    -0.694  3
   4.88     0.003  1       61.33     1.393  2       68.70    -0.723  3
   5.49     0.005  1       61.37     1.417  2       69.10    -1.020  3
   6.10     0.008  1       61.42     1.411  2       69.49    -0.835  3
   6.71     0.010  1       61.46     1.411  2       69.89    -1.023  3
   7.32     0.013  1       61.51     1.391  2       70.28    -1.311  3
   7.92     0.017  1       61.55     1.337  2       70.68    -1.225  3
   8.53     0.020  1       61.60     1.363  2       71.08    -0.963  3
   9.14     0.024  1       61.65     1.367  2       71.47    -1.243  3
   9.75     0.028  1       61.69     1.378  2       71.87    -0.907  3
  10.36     0.032  1       61.74     1.383  2       72.27    -0.976  3
  10.97     0.037  1       61.78     1.225  2       72.66    -1.354  3
  11.58     0.041  1       61.83     1.278  2       73.06    -0.952  3
  12.19     0.046  1       61.87     1.252  2       73.45    -1.396  3
  12.80     0.050  1       61.92     1.220  2       73.85    -0.832  3
  13.41     0.055  1       61.97     1.323  2       74.25    -0.598  3
  14.02     0.060  1       62.01     1.364  2       74.64    -0.765  3
  14.63     0.065  1       62.06     1.261  2       75.04    -0.809  3
  15.24     0.070  1       62.10     1.152  2       75.44    -0.309  3
  15.85     0.074  1       62.15     1.023  2       75.83    -0.445  3
  16.46     0.079  1       62.19     1.116  2       76.23    -0.489  3
  17.07     0.084  1       62.24     1.334  2       76.62    -0.691  3
  17.68     0.089  1       62.29     0.930  2       77.02    -0.477  3
  18.29     0.095  1       62.33     0.913  2       77.42    -0.563  3
  18.90     0.100  1       62.38     1.105  2       77.81    -0.712  3
  19.51     0.105  1       62.42     1.271  2       78.21    -0.763  3
  20.12     0.110  1       62.47     1.208  2       78.60    -0.399  3
  20.73     0.116  1       62.51     1.059  2       79.00    -0.349  3
  21.34     0.122  1       62.56     1.070  2       79.40    -0.595  3
  21.95     0.127  1       62.61     1.266  2       79.79    -0.503  3
  22.56     0.133  1       62.65     1.231  2       80.19    -0.372  3
  23.16     0.139  1       62.70     1.132  2       80.59    -0.419  3
  23.77     0.145  1       62.74     1.241  2       80.98    -0.513  3
  24.38     0.151  1       62.79     1.149  2       81.38    -0.037  3
  24.99     0.157  1       62.83     1.066  2       81.77    -0.117  3
  25.60     0.163  1       62.88     1.142  2       82.17    -0.040  3
  26.21     0.170  1       62.93     1.049  2       82.57    -0.270  3
  26.82     0.176  1       62.97     1.043  2       82.96    -0.576  3
  27.43     0.182  1       63.02     1.071  2       83.36    -0.359  3
  28.04     0.189  1       63.06     0.970  2       83.76    -0.421  3
  28.65     0.195  1       63.11     1.053  2       84.15    -0.099  3
  29.26     0.201  1       63.15     1.122  2       84.55     0.003  3
  29.87     0.208  1       63.20     0.915  2       84.94    -0.158  3
  30.48     0.214  1       63.25     0.944  2       85.34    -0.071  3
  31.09     0.221  1       63.29     1.026  2       85.74    -0.201  3
  31.70     0.227  1       63.34     1.141  2       86.13    -0.212  3
  32.31     0.234  1       63.38     0.415  2       86.53    -0.092  3
  32.92     0.241  1       63.43     1.009  2       86.92    -0.067  3
  33.53     0.247  1       63.47     1.240  2       87.32    -0.026  3
  34.14     0.254  1       63.52     0.808  2       87.72    -0.139  3
  34.75     0.261  1       63.56     1.143  2       88.11    -0.178  3
  35.36     0.268  1       63.61     0.914  2       88.51    -0.144  3
  35.97     0.275  1       63.66     0.872  2       88.91    -0.008  3
  36.58     0.282  1       63.70     1.009  2       89.30     0.029  3
  37.19     0.289  1       63.75     1.033  2       89.70    -0.070  3
  37.80     0.296  1       63.79     0.718  2       90.09     0.029  3
  38.40     0.303  1       63.84     0.753  2       90.49     0.028  3
  39.01     0.310  1       63.88     0.851  2       90.89    -0.072  3
  39.62     0.317  1       63.93     0.814  2       91.28     0.028  3
  40.23     0.325  1       63.98     1.096  2       91.68    -0.002  3
  40.84     0.332  1       64.02     1.196  2       92.08    -0.077  3
  41.45     0.339  1       64.07     1.218  2       92.47    -0.000  3
  42.06     0.347  1       64.11     1.211  2       92.87     0.028  3
  42.67     0.354  1       64.16     1.136  2       93.26     0.028  3
  43.28     0.362  1       64.20     1.065  2       93.66     0.028  3
  43.89     0.370  1       64.25     0.971  2       94.06     0.028  3
  44.50     0.378  1       64.30     1.151  2       94.45    -0.029  3
  45.11     0.386  1       64.34     0.695  2       94.85    -0.123  3
  45.72     0.394  1       64.39     1.177  2       95.25     0.027  3
  46.33     0.402  1       64.43     0.790  2       95.64     0.027  3
  46.94     0.410  1       64.48     0.826  2       96.04     0.027  3
  47.55     0.418  1       64.52     0.929  2       96.43     0.027  3
  48.16     0.426  1       64.57     0.582  2       96.83     0.027  3
  48.77     0.434  1       64.62     0.743  2       97.23     0.027  3
  49.38     0.443  1       64.66     1.150  2       97.62     0.027  3
  49.99     0.451  1       64.71     1.164  2       98.02     0.027  3
  50.60     0.459  1       64.75     0.798  2       98.41     0.027  3
  51.21     0.467  1       64.80     0.988  2       98.81    -0.028  3
  51.82     0.475  1       64.84     1.102  2       99.21    -0.050  3
  52.43     0.483  1       64.89     1.086  2       99.60     0.026  3
  53.04     0.491  1       64.94     1.108  2      100.00     0.026  3
  53.64     0.499  1       64.98     1.068  2      100.40     0.026  3
  54.25     0.508  1       65.03     1.064  2      100.79     0.026  3
  54.86     0.516  1       65.07     1.033  2      101.19     0.023  3
  55.47     0.524  1       65.12     1.168  2      101.58     0.020  3
  56.08     0.532  1       65.16     1.166  2      101.98     0.016  3
  56.69     0.540  1       65.21     1.123  2      102.38     0.010  3
  57.30     0.549  1       65.26     0.959  2      102.77     0.002  3
  57.91     0.557  1       65.30     1.159  2      103.17    -0.014  3
  58.52     0.566  1       65.35     1.112  2      103.57    -0.062  3
  59.13     0.574  1       65.39     1.132  2      103.96    -0.136  3
  59.74     0.582  1       65.44     1.037  2      104.36    -0.253  3
  60.35     0.591  1       65.48     1.094  2      104.75    -0.401  3
  60.96     0.599  1       65.53     0.254  2      105.15    -0.543  3

note:  (+) soil loss - detachment     (-) soil loss - deposition



III. OFF SITE EFFECTS  OFF SITE EFFECTS  OFF SITE EFFECTS
     ----------------  ----------------  ----------------

     A.  AVERAGE ANNUAL SEDIMENT LEAVING PROFILE
             7.128   kg/m of width
            28.225     kg (based on profile width of      3.960      m)
             0.678   t/ha (assuming contributions from     0.042     ha)


     B.  SEDIMENT CHARACTERISTICS AND ENRICHMENT

     Sediment particle information leaving profile
-------------------------------------------------------------------------------
                                 Particle Composition         Detached Fraction
Class  Diameter  Specific  ---------------------------------  Sediment  In Flow
         (mm)    Gravity   % Sand   % Silt   % Clay   % O.M.  Fraction  Exiting
-------------------------------------------------------------------------------
  1     0.002      2.60      0.0      0.0    100.0     30.0     0.052    0.055
  2     0.010      2.65      0.0    100.0      0.0      0.0     0.099    0.096
  3     0.030      1.80      0.0     66.7     33.3     10.0     0.301    0.283
  4     0.400      1.60     64.5     24.1     11.4      3.4     0.417    0.431
  5     0.200      2.65    100.0      0.0      0.0      0.0     0.131    0.134
-------------------------------------------------------------------------------


     Average annual SSA enrichment ratio leaving profile =   0.99
